000000000
100000000
010000000
001000000
000100000
000010000
000001000
000000100
000000010
000000001
120000000
102000000
100200000
100020000
100002000
100000200
100000020
100000002
210000000
012000000
010200000
010020000
010002000
010000200
010000020
010000002
201000000
021000000
001200000
001020000
001002000
001000200
001000020
001000002
200100000
020100000
002100000
000120000
000102000
000100200
000100020
000100002
200010000
020010000
002010000
000210000
000012000
000010200
000010020
000010002
200001000
020001000
002001000
000201000
000021000
000001200
000001020
000001002
200000100
020000100
002000100
000200100
000020100
000002100
000000120
000000102
200000010
020000010
002000010
000200010
000020010
000002010
000000210
000000012
200000001
020000001
002000001
000200001
000020001
000002001
000000201
000000021
121000000
120100000
120010000
120001000
120000100
120000010
120000001
112000000
102100000
102010000
102001000
102000100
102000010
102000001
110200000
101200000
100210000
100201000
100200100
100200010
100200001
110020000
101020000
100120000
100021000
100020100
100020010
100020001
110002000
101002000
100102000
100012000
100002100
100002010
100002001
110000200
101000200
100100200
100010200
100001200
100000210
100000201
110000020
101000020
100100020
100010020
100001020
100000120
100000021
110000002
101000002
100100002
100010002
100001002
100000102
100000012
211000000
210100000
210010000
210001000
210000100
210000010
210000001
012100000
012010000
012001000
012000100
012000010
012000001
011200000
010210000
010201000
010200100
010200010
010200001
011020000
010120000
010021000
010020100
010020010
010020001
011002000
010102000
010012000
010002100
010002010
010002001
011000200
010100200
010010200
010001200
010000210
010000201
011000020
010100020
010010020
010001020
010000120
010000021
011000002
010100002
010010002
010001002
010000102
010000012
201100000
201010000
201001000
201000100
201000010
201000001
021100000
021010000
021001000
021000100
021000010
021000001
001210000
001201000
001200100
001200010
001200001
001120000
001021000
001020100
001020010
001020001
001102000
001012000
001002100
001002010
001002001
001100200
001010200
001001200
001000210
001000201
001100020
001010020
001001020
001000120
001000021
001100002
001010002
001001002
001000102
001000012
200110000
200101000
200100100
200100010
200100001
020110000
020101000
020100100
020100010
020100001
002110000
002101000
002100100
002100010
002100001
000121000
000120100
000120010
000120001
000112000
000102100
000102010
000102001
000110200
000101200
000100210
000100201
000110020
000101020
000100120
000100021
000110002
000101002
000100102
000100012
200011000
200010100
200010010
200010001
020011000
020010100
020010010
020010001
002011000
002010100
002010010
002010001
000211000
000210100
000210010
000210001
000012100
000012010
000012001
000011200
000010210
000010201
000011020
000010120
000010021
000011002
000010102
000010012
200001100
200001010
200001001
020001100
020001010
020001001
002001100
002001010
002001001
000201100
000201010
000201001
000021100
000021010
000021001
000001210
000001201
000001120
000001021
000001102
000001012
200000110
200000101
020000110
020000101
002000110
002000101
000200110
000200101
000020110
000020101
000002110
000002101
000000121
000000112
200000011
020000011
002000011
000200011
000020011
000002011
000000211
121200000
121020000
121002000
121000200
121000020
121000002
122100000
120120000
120102000
120100200
120100020
120100002
122010000
120210000
120012000
120010200
120010020
120010002
122001000
120201000
120021000
120001200
120001020
120001002
122000100
120200100
120020100
120002100
120000120
120000102
122000010
120200010
120020010
120002010
120000210
120000012
122000001
120200001
120020001
120002001
120000201
120000021
112200000
112020000
112002000
112000200
112000020
112000002
102120000
102102000
102100200
102100020
102100002
102210000
102012000
102010200
102010020
102010002
102201000
102021000
102001200
102001020
102001002
102200100
102020100
102002100
102000120
102000102
102200010
102020010
102002010
102000210
102000012
102200001
102020001
102002001
102000201
102000021
110220000
110202000
110200200
110200020
110200002
101220000
101202000
101200200
101200020
101200002
100212000
100210200
100210020
100210002
100221000
100201200
100201020
100201002
100220100
100202100
100200120
100200102
100220010
100202010
100200210
100200012
100220001
100202001
100200201
100200021
110022000
110020200
110020020
110020002
101022000
101020200
101020020
101020002
100122000
100120200
100120020
100120002
100021200
100021020
100021002
100022100
100020120
100020102
100022010
100020210
100020012
100022001
100020201
100020021
110002200
110002020
110002002
101002200
101002020
101002002
100102200
100102020
100102002
100012200
100012020
100012002
100002120
100002102
100002210
100002012
100002201
100002021
110000220
110000202
101000220
101000202
100100220
100100202
100010220
100010202
100001220
100001202
100000212
100000221
110000022
101000022
100100022
100010022
100001022
100000122
211200000
211020000
211002000
211000200
211000020
211000002
212100000
210120000
210102000
210100200
210100020
210100002
212010000
210210000
210012000
210010200
210010020
210010002
212001000
210201000
210021000
210001200
210001020
210001002
212000100
210200100
210020100
210002100
210000120
210000102
212000010
210200010
210020010
210002010
210000210
210000012
212000001
210200001
210020001
210002001
210000201
210000021
012120000
012102000
012100200
012100020
012100002
012210000
012012000
012010200
012010020
012010002
012201000
012021000
012001200
012001020
012001002
012200100
012020100
012002100
012000120
012000102
012200010
012020010
012002010
012000210
012000012
012200001
012020001
012002001
012000201
012000021
011220000
011202000
011200200
011200020
011200002
010212000
010210200
010210020
010210002
010221000
010201200
010201020
010201002
010220100
010202100
010200120
010200102
010220010
010202010
010200210
010200012
010220001
010202001
010200201
010200021
011022000
011020200
011020020
011020002
010122000
010120200
010120020
010120002
010021200
010021020
010021002
010022100
010020120
010020102
010022010
010020210
010020012
010022001
010020201
010020021
011002200
011002020
011002002
010102200
010102020
010102002
010012200
010012020
010012002
010002120
010002102
010002210
010002012
010002201
010002021
011000220
011000202
010100220
010100202
010010220
010010202
010001220
010001202
010000212
010000221
011000022
010100022
010010022
010001022
010000122
221100000
201120000
201102000
201100200
201100020
201100002
221010000
201210000
201012000
201010200
201010020
201010002
221001000
201201000
201021000
201001200
201001020
201001002
221000100
201200100
201020100
201002100
201000120
201000102
221000010
201200010
201020010
201002010
201000210
201000012
221000001
201200001
201020001
201002001
201000201
201000021
021120000
021102000
021100200
021100020
021100002
021210000
021012000
021010200
021010020
021010002
021201000
021021000
021001200
021001020
021001002
021200100
021020100
021002100
021000120
021000102
021200010
021020010
021002010
021000210
021000012
021200001
021020001
021002001
021000201
021000021
001212000
001210200
001210020
001210002
001221000
001201200
001201020
001201002
001220100
001202100
001200120
001200102
001220010
001202010
001200210
001200012
001220001
001202001
001200201
001200021
001122000
001120200
001120020
001120002
001021200
001021020
001021002
001022100
001020120
001020102
001022010
001020210
001020012
001022001
001020201
001020021
001102200
001102020
001102002
001012200
001012020
001012002
001002120
001002102
001002210
001002012
001002201
001002021
001100220
001100202
001010220
001010202
001001220
001001202
001000212
001000221
001100022
001010022
001001022
001000122
220110000
202110000
200112000
200110200
200110020
200110002
220101000
202101000
200121000
200101200
200101020
200101002
220100100
202100100
200120100
200102100
200100120
200100102
220100010
202100010
200120010
200102010
200100210
200100012
220100001
202100001
200120001
200102001
200100201
200100021
022110000
020112000
020110200
020110020
020110002
022101000
020121000
020101200
020101020
020101002
022100100
020120100
020102100
020100120
020100102
022100010
020120010
020102010
020100210
020100012
022100001
020120001
020102001
020100201
020100021
002112000
002110200
002110020
002110002
002121000
002101200
002101020
002101002
002120100
002102100
002100120
002100102
002120010
002102010
002100210
002100012
002120001
002102001
002100201
002100021
000121200
000121020
000121002
000122100
000120120
000120102
000122010
000120210
000120012
000122001
000120201
000120021
000112200
000112020
000112002
000102120
000102102
000102210
000102012
000102201
000102021
000110220
000110202
000101220
000101202
000100212
000100221
000110022
000101022
000100122
220011000
202011000
200211000
200011200
200011020
200011002
220010100
202010100
200210100
200012100
200010120
200010102
220010010
202010010
200210010
200012010
200010210
200010012
220010001
202010001
200210001
200012001
200010201
200010021
022011000
020211000
020011200
020011020
020011002
022010100
020210100
020012100
020010120
020010102
022010010
020210010
020012010
020010210
020010012
022010001
020210001
020012001
020010201
020010021
002211000
002011200
002011020
002011002
002210100
002012100
002010120
002010102
002210010
002012010
002010210
002010012
002210001
002012001
002010201
002010021
000211200
000211020
000211002
000212100
000210120
000210102
000212010
000210210
000210012
000212001
000210201
000210021
000012120
000012102
000012210
000012012
000012201
000012021
000011220
000011202
000010212
000010221
000011022
000010122
220001100
202001100
200201100
200021100
200001120
200001102
220001010
202001010
200201010
200021010
200001210
200001012
220001001
202001001
200201001
200021001
200001201
200001021
022001100
020201100
020021100
020001120
020001102
022001010
020201010
020021010
020001210
020001012
022001001
020201001
020021001
020001201
020001021
002201100
002021100
002001120
002001102
002201010
002021010
002001210
002001012
002201001
002021001
002001201
002001021
000221100
000201120
000201102
000221010
000201210
000201012
000221001
000201201
000201021
000021120
000021102
000021210
000021012
000021201
000021021
000001212
000001221
000001122
220000110
202000110
200200110
200020110
200002110
200000112
220000101
202000101
200200101
200020101
200002101
200000121
022000110
020200110
020020110
020002110
020000112
022000101
020200101
020020101
020002101
020000121
002200110
002020110
002002110
002000112
002200101
002020101
002002101
002000121
000220110
000202110
000200112
000220101
000202101
000200121
000022110
000020112
000022101
000020121
000002112
000002121
220000011
202000011
200200011
200020011
200002011
200000211
022000011
020200011
020020011
020002011
020000211
002200011
002020011
002002011
002000211
000220011
000202011
000200211
000022011
000020211
000002211
121210000
121201000
121200100
121200010
121200001
121120000
121021000
121020100
121020010
121020001
121102000
121012000
121002100
121002010
121002001
121100200
121010200
121001200
121000210
121000201
121100020
121010020
121001020
121000120
121000021
121100002
121010002
121001002
121000102
121000012
122110000
122101000
122100100
122100010
122100001
120121000
120120100
120120010
120120001
120112000
120102100
120102010
120102001
120110200
120101200
120100210
120100201
120110020
120101020
120100120
120100021
120110002
120101002
120100102
120100012
122011000
122010100
122010010
122010001
120211000
120210100
120210010
120210001
120012100
120012010
120012001
120011200
120010210
120010201
120011020
120010120
120010021
120011002
120010102
120010012
122001100
122001010
122001001
120201100
120201010
120201001
120021100
120021010
120021001
120001210
120001201
120001120
120001021
120001102
120001012
122000110
122000101
120200110
120200101
120020110
120020101
120002110
120002101
120000121
120000112
122000011
120200011
120020011
120002011
120000211
112210000
112201000
112200100
112200010
112200001
112120000
112021000
112020100
112020010
112020001
112102000
112012000
112002100
112002010
112002001
112100200
112010200
112001200
112000210
112000201
112100020
112010020
112001020
112000120
112000021
112100002
112010002
112001002
112000102
112000012
102121000
102120100
102120010
102120001
102112000
102102100
102102010
102102001
102110200
102101200
102100210
102100201
102110020
102101020
102100120
102100021
102110002
102101002
102100102
102100012
102211000
102210100
102210010
102210001
102012100
102012010
102012001
102011200
102010210
102010201
102011020
102010120
102010021
102011002
102010102
102010012
102201100
102201010
102201001
102021100
102021010
102021001
102001210
102001201
102001120
102001021
102001102
102001012
102200110
102200101
102020110
102020101
102002110
102002101
102000121
102000112
102200011
102020011
102002011
102000211
111220000
110221000
110220100
110220010
110220001
111202000
110212000
110202100
110202010
110202001
111200200
110210200
110201200
110200210
110200201
111200020
110210020
110201020
110200120
110200021
111200002
110210002
110201002
110200102
110200012
101221000
101220100
101220010
101220001
101212000
101202100
101202010
101202001
101210200
101201200
101200210
101200201
101210020
101201020
101200120
101200021
101210002
101201002
101200102
101200012
100212100
100212010
100212001
100211200
100210210
100210201
100211020
100210120
100210021
100211002
100210102
100210012
100221100
100221010
100221001
100201210
100201201
100201120
100201021
100201102
100201012
100220110
100220101
100202110
100202101
100200121
100200112
100220011
100202011
100200211
111022000
110122000
110022100
110022010
110022001
111020200
110120200
110021200
110020210
110020201
111020020
110120020
110021020
110020120
110020021
111020002
110120002
110021002
110020102
110020012
101122000
101022100
101022010
101022001
101120200
101021200
101020210
101020201
101120020
101021020
101020120
101020021
101120002
101021002
101020102
101020012
100122100
100122010
100122001
100121200
100120210
100120201
100121020
100120120
100120021
100121002
100120102
100120012
100021210
100021201
100021120
100021021
100021102
100021012
100022110
100022101
100020121
100020112
100022011
100020211
111002200
110102200
110012200
110002210
110002201
111002020
110102020
110012020
110002120
110002021
111002002
110102002
110012002
110002102
110002012
101102200
101012200
101002210
101002201
101102020
101012020
101002120
101002021
101102002
101012002
101002102
101002012
100112200
100102210
100102201
100112020
100102120
100102021
100112002
100102102
100102012
100012210
100012201
100012120
100012021
100012102
100012012
100002121
100002112
100002211
111000220
110100220
110010220
110001220
110000221
111000202
110100202
110010202
110001202
110000212
101100220
101010220
101001220
101000221
101100202
101010202
101001202
101000212
100110220
100101220
100100221
100110202
100101202
100100212
100011220
100010221
100011202
100010212
100001221
100001212
111000022
110100022
110010022
110001022
110000122
101100022
101010022
101001022
101000122
100110022
100101022
100100122
100011022
100010122
100001122
211210000
211201000
211200100
211200010
211200001
211120000
211021000
211020100
211020010
211020001
211102000
211012000
211002100
211002010
211002001
211100200
211010200
211001200
211000210
211000201
211100020
211010020
211001020
211000120
211000021
211100002
211010002
211001002
211000102
211000012
212110000
212101000
212100100
212100010
212100001
210121000
210120100
210120010
210120001
210112000
210102100
210102010
210102001
210110200
210101200
210100210
210100201
210110020
210101020
210100120
210100021
210110002
210101002
210100102
210100012
212011000
212010100
212010010
212010001
210211000
210210100
210210010
210210001
210012100
210012010
210012001
210011200
210010210
210010201
210011020
210010120
210010021
210011002
210010102
210010012
212001100
212001010
212001001
210201100
210201010
210201001
210021100
210021010
210021001
210001210
210001201
210001120
210001021
210001102
210001012
212000110
212000101
210200110
210200101
210020110
210020101
210002110
210002101
210000121
210000112
212000011
210200011
210020011
210002011
210000211
012121000
012120100
012120010
012120001
012112000
012102100
012102010
012102001
012110200
012101200
012100210
012100201
012110020
012101020
012100120
012100021
012110002
012101002
012100102
012100012
012211000
012210100
012210010
012210001
012012100
012012010
012012001
012011200
012010210
012010201
012011020
012010120
012010021
012011002
012010102
012010012
012201100
012201010
012201001
012021100
012021010
012021001
012001210
012001201
012001120
012001021
012001102
012001012
012200110
012200101
012020110
012020101
012002110
012002101
012000121
012000112
012200011
012020011
012002011
012000211
011221000
011220100
011220010
011220001
011212000
011202100
011202010
011202001
011210200
011201200
011200210
011200201
011210020
011201020
011200120
011200021
011210002
011201002
011200102
011200012
010212100
010212010
010212001
010211200
010210210
010210201
010211020
010210120
010210021
010211002
010210102
010210012
010221100
010221010
010221001
010201210
010201201
010201120
010201021
010201102
010201012
010220110
010220101
010202110
010202101
010200121
010200112
010220011
010202011
010200211
011122000
011022100
011022010
011022001
011120200
011021200
011020210
011020201
011120020
011021020
011020120
011020021
011120002
011021002
011020102
011020012
010122100
010122010
010122001
010121200
010120210
010120201
010121020
010120120
010120021
010121002
010120102
010120012
010021210
010021201
010021120
010021021
010021102
010021012
010022110
010022101
010020121
010020112
010022011
010020211
011102200
011012200
011002210
011002201
011102020
011012020
011002120
011002021
011102002
011012002
011002102
011002012
010112200
010102210
010102201
010112020
010102120
010102021
010112002
010102102
010102012
010012210
010012201
010012120
010012021
010012102
010012012
010002121
010002112
010002211
011100220
011010220
011001220
011000221
011100202
011010202
011001202
011000212
010110220
010101220
010100221
010110202
010101202
010100212
010011220
010010221
010011202
010010212
010001221
010001212
011100022
011010022
011001022
011000122
010110022
010101022
010100122
010011022
010010122
010001122
221110000
221101000
221100100
221100010
221100001
201121000
201120100
201120010
201120001
201112000
201102100
201102010
201102001
201110200
201101200
201100210
201100201
201110020
201101020
201100120
201100021
201110002
201101002
201100102
201100012
221011000
221010100
221010010
221010001
201211000
201210100
201210010
201210001
201012100
201012010
201012001
201011200
201010210
201010201
201011020
201010120
201010021
201011002
201010102
201010012
221001100
221001010
221001001
201201100
201201010
201201001
201021100
201021010
201021001
201001210
201001201
201001120
201001021
201001102
201001012
221000110
221000101
201200110
201200101
201020110
201020101
201002110
201002101
201000121
201000112
221000011
201200011
201020011
201002011
201000211
021121000
021120100
021120010
021120001
021112000
021102100
021102010
021102001
021110200
021101200
021100210
021100201
021110020
021101020
021100120
021100021
021110002
021101002
021100102
021100012
021211000
021210100
021210010
021210001
021012100
021012010
021012001
021011200
021010210
021010201
021011020
021010120
021010021
021011002
021010102
021010012
021201100
021201010
021201001
021021100
021021010
021021001
021001210
021001201
021001120
021001021
021001102
021001012
021200110
021200101
021020110
021020101
021002110
021002101
021000121
021000112
021200011
021020011
021002011
021000211
001212100
001212010
001212001
001211200
001210210
001210201
001211020
001210120
001210021
001211002
001210102
001210012
001221100
001221010
001221001
001201210
001201201
001201120
001201021
001201102
001201012
001220110
001220101
001202110
001202101
001200121
001200112
001220011
001202011
001200211
001122100
001122010
001122001
001121200
001120210
001120201
001121020
001120120
001120021
001121002
001120102
001120012
001021210
001021201
001021120
001021021
001021102
001021012
001022110
001022101
001020121
001020112
001022011
001020211
001112200
001102210
001102201
001112020
001102120
001102021
001112002
001102102
001102012
001012210
001012201
001012120
001012021
001012102
001012012
001002121
001002112
001002211
001110220
001101220
001100221
001110202
001101202
001100212
001011220
001010221
001011202
001010212
001001221
001001212
001110022
001101022
001100122
001011022
001010122
001001122
220111000
220110100
220110010
220110001
202111000
202110100
202110010
202110001
200112100
200112010
200112001
200111200
200110210
200110201
200111020
200110120
200110021
200111002
200110102
200110012
220101100
220101010
220101001
202101100
202101010
202101001
200121100
200121010
200121001
200101210
200101201
200101120
200101021
200101102
200101012
220100110
220100101
202100110
202100101
200120110
200120101
200102110
200102101
200100121
200100112
220100011
202100011
200120011
200102011
200100211
022111000
022110100
022110010
022110001
020112100
020112010
020112001
020111200
020110210
020110201
020111020
020110120
020110021
020111002
020110102
020110012
022101100
022101010
022101001
020121100
020121010
020121001
020101210
020101201
020101120
020101021
020101102
020101012
022100110
022100101
020120110
020120101
020102110
020102101
020100121
020100112
022100011
020120011
020102011
020100211
002112100
002112010
002112001
002111200
002110210
002110201
002111020
002110120
002110021
002111002
002110102
002110012
002121100
002121010
002121001
002101210
002101201
002101120
002101021
002101102
002101012
002120110
002120101
002102110
002102101
002100121
002100112
002120011
002102011
002100211
000121210
000121201
000121120
000121021
000121102
000121012
000122110
000122101
000120121
000120112
000122011
000120211
000112210
000112201
000112120
000112021
000112102
000112012
000102121
000102112
000102211
000111220
000110221
000111202
000110212
000101221
000101212
000111022
000110122
000101122
220011100
220011010
220011001
202011100
202011010
202011001
200211100
200211010
200211001
200011210
200011201
200011120
200011021
200011102
200011012
220010110
220010101
202010110
202010101
200210110
200210101
200012110
200012101
200010121
200010112
220010011
202010011
200210011
200012011
200010211
022011100
022011010
022011001
020211100
020211010
020211001
020011210
020011201
020011120
020011021
020011102
020011012
022010110
022010101
020210110
020210101
020012110
020012101
020010121
020010112
022010011
020210011
020012011
020010211
002211100
002211010
002211001
002011210
002011201
002011120
002011021
002011102
002011012
002210110
002210101
002012110
002012101
002010121
002010112
002210011
002012011
002010211
000211210
000211201
000211120
000211021
000211102
000211012
000212110
000212101
000210121
000210112
000212011
000210211
000012121
000012112
000012211
000011221
000011212
000011122
220001110
220001101
202001110
202001101
200201110
200201101
200021110
200021101
200001121
200001112
220001011
202001011
200201011
200021011
200001211
022001110
022001101
020201110
020201101
020021110
020021101
020001121
020001112
022001011
020201011
020021011
020001211
002201110
002201101
002021110
002021101
002001121
002001112
002201011
002021011
002001211
000221110
000221101
000201121
000201112
000221011
000201211
000021121
000021112
000021211
220000111
202000111
200200111
200020111
200002111
022000111
020200111
020020111
020002111
002200111
002020111
002002111
000220111
000202111
000022111
121212000
121210200
121210020
121210002
121221000
121201200
121201020
121201002
121220100
121202100
121200120
121200102
121220010
121202010
121200210
121200012
121220001
121202001
121200201
121200021
121122000
121120200
121120020
121120002
121021200
121021020
121021002
121022100
121020120
121020102
121022010
121020210
121020012
121022001
121020201
121020021
121102200
121102020
121102002
121012200
121012020
121012002
121002120
121002102
121002210
121002012
121002201
121002021
121100220
121100202
121010220
121010202
121001220
121001202
121000212
121000221
121100022
121010022
121001022
121000122
122112000
122110200
122110020
122110002
122121000
122101200
122101020
122101002
122120100
122102100
122100120
122100102
122120010
122102010
122100210
122100012
122120001
122102001
122100201
122100021
120121200
120121020
120121002
120122100
120120120
120120102
120122010
120120210
120120012
120122001
120120201
120120021
120112200
120112020
120112002
120102120
120102102
120102210
120102012
120102201
120102021
120110220
120110202
120101220
120101202
120100212
120100221
120110022
120101022
120100122
122211000
122011200
122011020
122011002
122210100
122012100
122010120
122010102
122210010
122012010
122010210
122010012
122210001
122012001
122010201
122010021
120211200
120211020
120211002
120212100
120210120
120210102
120212010
120210210
120210012
120212001
120210201
120210021
120012120
120012102
120012210
120012012
120012201
120012021
120011220
120011202
120010212
120010221
120011022
120010122
122201100
122021100
122001120
122001102
122201010
122021010
122001210
122001012
122201001
122021001
122001201
122001021
120221100
120201120
120201102
120221010
120201210
120201012
120221001
120201201
120201021
120021120
120021102
120021210
120021012
120021201
120021021
120001212
120001221
120001122
122200110
122020110
122002110
122000112
122200101
122020101
122002101
122000121
120220110
120202110
120200112
120220101
120202101
120200121
120022110
120020112
120022101
120020121
120002112
120002121
122200011
122020011
122002011
122000211
120220011
120202011
120200211
120022011
120020211
120002211
112212000
112210200
112210020
112210002
112221000
112201200
112201020
112201002
112220100
112202100
112200120
112200102
112220010
112202010
112200210
112200012
112220001
112202001
112200201
112200021
112122000
112120200
112120020
112120002
112021200
112021020
112021002
112022100
112020120
112020102
112022010
112020210
112020012
112022001
112020201
112020021
112102200
112102020
112102002
112012200
112012020
112012002
112002120
112002102
112002210
112002012
112002201
112002021
112100220
112100202
112010220
112010202
112001220
112001202
112000212
112000221
112100022
112010022
112001022
112000122
102121200
102121020
102121002
102122100
102120120
102120102
102122010
102120210
102120012
102122001
102120201
102120021
102112200
102112020
102112002
102102120
102102102
102102210
102102012
102102201
102102021
102110220
102110202
102101220
102101202
102100212
102100221
102110022
102101022
102100122
102211200
102211020
102211002
102212100
102210120
102210102
102212010
102210210
102210012
102212001
102210201
102210021
102012120
102012102
102012210
102012012
102012201
102012021
102011220
102011202
102010212
102010221
102011022
102010122
102221100
102201120
102201102
102221010
102201210
102201012
102221001
102201201
102201021
102021120
102021102
102021210
102021012
102021201
102021021
102001212
102001221
102001122
102220110
102202110
102200112
102220101
102202101
102200121
102022110
102020112
102022101
102020121
102002112
102002121
102220011
102202011
102200211
102022011
102020211
102002211
111222000
111220200
111220020
111220002
110221200
110221020
110221002
110222100
110220120
110220102
110222010
110220210
110220012
110222001
110220201
110220021
111202200
111202020
111202002
110212200
110212020
110212002
110202120
110202102
110202210
110202012
110202201
110202021
111200220
111200202
110210220
110210202
110201220
110201202
110200212
110200221
111200022
110210022
110201022
110200122
101221200
101221020
101221002
101222100
101220120
101220102
101222010
101220210
101220012
101222001
101220201
101220021
101212200
101212020
101212002
101202120
101202102
101202210
101202012
101202201
101202021
101210220
101210202
101201220
101201202
101200212
101200221
101210022
101201022
101200122
100212120
100212102
100212210
100212012
100212201
100212021
100211220
100211202
100210212
100210221
100211022
100210122
100221120
100221102
100221210
100221012
100221201
100221021
100201212
100201221
100201122
100222110
100220112
100222101
100220121
100202112
100202121
100222011
100220211
100202211
111022200
111022020
111022002
110122200
110122020
110122002
110022120
110022102
110022210
110022012
110022201
110022021
111020220
111020202
110120220
110120202
110021220
110021202
110020212
110020221
111020022
110120022
110021022
110020122
101122200
101122020
101122002
101022120
101022102
101022210
101022012
101022201
101022021
101120220
101120202
101021220
101021202
101020212
101020221
101120022
101021022
101020122
100122120
100122102
100122210
100122012
100122201
100122021
100121220
100121202
100120212
100120221
100121022
100120122
100021212
100021221
100021122
100022112
100022121
100022211
111002220
111002202
110102220
110102202
110012220
110012202
110002212
110002221
111002022
110102022
110012022
110002122
101102220
101102202
101012220
101012202
101002212
101002221
101102022
101012022
101002122
100112220
100112202
100102212
100102221
100112022
100102122
100012212
100012221
100012122
111000222
110100222
110010222
110001222
101100222
101010222
101001222
100110222
100101222
100011222
211212000
211210200
211210020
211210002
211221000
211201200
211201020
211201002
211220100
211202100
211200120
211200102
211220010
211202010
211200210
211200012
211220001
211202001
211200201
211200021
211122000
211120200
211120020
211120002
211021200
211021020
211021002
211022100
211020120
211020102
211022010
211020210
211020012
211022001
211020201
211020021
211102200
211102020
211102002
211012200
211012020
211012002
211002120
211002102
211002210
211002012
211002201
211002021
211100220
211100202
211010220
211010202
211001220
211001202
211000212
211000221
211100022
211010022
211001022
211000122
212112000
212110200
212110020
212110002
212121000
212101200
212101020
212101002
212120100
212102100
212100120
212100102
212120010
212102010
212100210
212100012
212120001
212102001
212100201
212100021
210121200
210121020
210121002
210122100
210120120
210120102
210122010
210120210
210120012
210122001
210120201
210120021
210112200
210112020
210112002
210102120
210102102
210102210
210102012
210102201
210102021
210110220
210110202
210101220
210101202
210100212
210100221
210110022
210101022
210100122
212211000
212011200
212011020
212011002
212210100
212012100
212010120
212010102
212210010
212012010
212010210
212010012
212210001
212012001
212010201
212010021
210211200
210211020
210211002
210212100
210210120
210210102
210212010
210210210
210210012
210212001
210210201
210210021
210012120
210012102
210012210
210012012
210012201
210012021
210011220
210011202
210010212
210010221
210011022
210010122
212201100
212021100
212001120
212001102
212201010
212021010
212001210
212001012
212201001
212021001
212001201
212001021
210221100
210201120
210201102
210221010
210201210
210201012
210221001
210201201
210201021
210021120
210021102
210021210
210021012
210021201
210021021
210001212
210001221
210001122
212200110
212020110
212002110
212000112
212200101
212020101
212002101
212000121
210220110
210202110
210200112
210220101
210202101
210200121
210022110
210020112
210022101
210020121
210002112
210002121
212200011
212020011
212002011
212000211
210220011
210202011
210200211
210022011
210020211
210002211
012121200
012121020
012121002
012122100
012120120
012120102
012122010
012120210
012120012
012122001
012120201
012120021
012112200
012112020
012112002
012102120
012102102
012102210
012102012
012102201
012102021
012110220
012110202
012101220
012101202
012100212
012100221
012110022
012101022
012100122
012211200
012211020
012211002
012212100
012210120
012210102
012212010
012210210
012210012
012212001
012210201
012210021
012012120
012012102
012012210
012012012
012012201
012012021
012011220
012011202
012010212
012010221
012011022
012010122
012221100
012201120
012201102
012221010
012201210
012201012
012221001
012201201
012201021
012021120
012021102
012021210
012021012
012021201
012021021
012001212
012001221
012001122
012220110
012202110
012200112
012220101
012202101
012200121
012022110
012020112
012022101
012020121
012002112
012002121
012220011
012202011
012200211
012022011
012020211
012002211
011221200
011221020
011221002
011222100
011220120
011220102
011222010
011220210
011220012
011222001
011220201
011220021
011212200
011212020
011212002
011202120
011202102
011202210
011202012
011202201
011202021
011210220
011210202
011201220
011201202
011200212
011200221
011210022
011201022
011200122
010212120
010212102
010212210
010212012
010212201
010212021
010211220
010211202
010210212
010210221
010211022
010210122
010221120
010221102
010221210
010221012
010221201
010221021
010201212
010201221
010201122
010222110
010220112
010222101
010220121
010202112
010202121
010222011
010220211
010202211
011122200
011122020
011122002
011022120
011022102
011022210
011022012
011022201
011022021
011120220
011120202
011021220
011021202
011020212
011020221
011120022
011021022
011020122
010122120
010122102
010122210
010122012
010122201
010122021
010121220
010121202
010120212
010120221
010121022
010120122
010021212
010021221
010021122
010022112
010022121
010022211
011102220
011102202
011012220
011012202
011002212
011002221
011102022
011012022
011002122
010112220
010112202
010102212
010102221
010112022
010102122
010012212
010012221
010012122
011100222
011010222
011001222
010110222
010101222
010011222
221112000
221110200
221110020
221110002
221121000
221101200
221101020
221101002
221120100
221102100
221100120
221100102
221120010
221102010
221100210
221100012
221120001
221102001
221100201
221100021
201121200
201121020
201121002
201122100
201120120
201120102
201122010
201120210
201120012
201122001
201120201
201120021
201112200
201112020
201112002
201102120
201102102
201102210
201102012
201102201
201102021
201110220
201110202
201101220
201101202
201100212
201100221
201110022
201101022
201100122
221211000
221011200
221011020
221011002
221210100
221012100
221010120
221010102
221210010
221012010
221010210
221010012
221210001
221012001
221010201
221010021
201211200
201211020
201211002
201212100
201210120
201210102
201212010
201210210
201210012
201212001
201210201
201210021
201012120
201012102
201012210
201012012
201012201
201012021
201011220
201011202
201010212
201010221
201011022
201010122
221201100
221021100
221001120
221001102
221201010
221021010
221001210
221001012
221201001
221021001
221001201
221001021
201221100
201201120
201201102
201221010
201201210
201201012
201221001
201201201
201201021
201021120
201021102
201021210
201021012
201021201
201021021
201001212
201001221
201001122
221200110
221020110
221002110
221000112
221200101
221020101
221002101
221000121
201220110
201202110
201200112
201220101
201202101
201200121
201022110
201020112
201022101
201020121
201002112
201002121
221200011
221020011
221002011
221000211
201220011
201202011
201200211
201022011
201020211
201002211
021121200
021121020
021121002
021122100
021120120
021120102
021122010
021120210
021120012
021122001
021120201
021120021
021112200
021112020
021112002
021102120
021102102
021102210
021102012
021102201
021102021
021110220
021110202
021101220
021101202
021100212
021100221
021110022
021101022
021100122
021211200
021211020
021211002
021212100
021210120
021210102
021212010
021210210
021210012
021212001
021210201
021210021
021012120
021012102
021012210
021012012
021012201
021012021
021011220
021011202
021010212
021010221
021011022
021010122
021221100
021201120
021201102
021221010
021201210
021201012
021221001
021201201
021201021
021021120
021021102
021021210
021021012
021021201
021021021
021001212
021001221
021001122
021220110
021202110
021200112
021220101
021202101
021200121
021022110
021020112
021022101
021020121
021002112
021002121
021220011
021202011
021200211
021022011
021020211
021002211
001212120
001212102
001212210
001212012
001212201
001212021
001211220
001211202
001210212
001210221
001211022
001210122
001221120
001221102
001221210
001221012
001221201
001221021
001201212
001201221
001201122
001222110
001220112
001222101
001220121
001202112
001202121
001222011
001220211
001202211
001122120
001122102
001122210
001122012
001122201
001122021
001121220
001121202
001120212
001120221
001121022
001120122
001021212
001021221
001021122
001022112
001022121
001022211
001112220
001112202
001102212
001102221
001112022
001102122
001012212
001012221
001012122
001110222
001101222
001011222
222111000
220111200
220111020
220111002
222110100
220112100
220110120
220110102
222110010
220112010
220110210
220110012
222110001
220112001
220110201
220110021
202111200
202111020
202111002
202112100
202110120
202110102
202112010
202110210
202110012
202112001
202110201
202110021
200112120
200112102
200112210
200112012
200112201
200112021
200111220
200111202
200110212
200110221
200111022
200110122
222101100
220121100
220101120
220101102
222101010
220121010
220101210
220101012
222101001
220121001
220101201
220101021
202121100
202101120
202101102
202121010
202101210
202101012
202121001
202101201
202101021
200121120
200121102
200121210
200121012
200121201
200121021
200101212
200101221
200101122
222100110
220120110
220102110
220100112
222100101
220120101
220102101
220100121
202120110
202102110
202100112
202120101
202102101
202100121
200122110
200120112
200122101
200120121
200102112
200102121
222100011
220120011
220102011
220100211
202120011
202102011
202100211
200122011
200120211
200102211
022111200
022111020
022111002
022112100
022110120
022110102
022112010
022110210
022110012
022112001
022110201
022110021
020112120
020112102
020112210
020112012
020112201
020112021
020111220
020111202
020110212
020110221
020111022
020110122
022121100
022101120
022101102
022121010
022101210
022101012
022121001
022101201
022101021
020121120
020121102
020121210
020121012
020121201
020121021
020101212
020101221
020101122
022120110
022102110
022100112
022120101
022102101
022100121
020122110
020120112
020122101
020120121
020102112
020102121
022120011
022102011
022100211
020122011
020120211
020102211
002112120
002112102
002112210
002112012
002112201
002112021
002111220
002111202
002110212
002110221
002111022
002110122
002121120
002121102
002121210
002121012
002121201
002121021
002101212
002101221
002101122
002122110
002120112
002122101
002120121
002102112
002102121
002122011
002120211
002102211
000121212
000121221
000121122
000122112
000122121
000122211
000112212
000112221
000112122
000111222
222011100
220211100
220011120
220011102
222011010
220211010
220011210
220011012
222011001
220211001
220011201
220011021
202211100
202011120
202011102
202211010
202011210
202011012
202211001
202011201
202011021
200211120
200211102
200211210
200211012
200211201
200211021
200011212
200011221
200011122
222010110
220210110
220012110
220010112
222010101
220210101
220012101
220010121
202210110
202012110
202010112
202210101
202012101
202010121
200212110
200210112
200212101
200210121
200012112
200012121
222010011
220210011
220012011
220010211
202210011
202012011
202010211
200212011
200210211
200012211
022211100
022011120
022011102
022211010
022011210
022011012
022211001
022011201
022011021
020211120
020211102
020211210
020211012
020211201
020211021
020011212
020011221
020011122
022210110
022012110
022010112
022210101
022012101
022010121
020212110
020210112
020212101
020210121
020012112
020012121
022210011
022012011
022010211
020212011
020210211
020012211
002211120
002211102
002211210
002211012
002211201
002211021
002011212
002011221
002011122
002212110
002210112
002212101
002210121
002012112
002012121
002212011
002210211
002012211
000211212
000211221
000211122
000212112
000212121
000212211
222001110
220201110
220021110
220001112
222001101
220201101
220021101
220001121
202201110
202021110
202001112
202201101
202021101
202001121
200221110
200201112
200221101
200201121
200021112
200021121
222001011
220201011
220021011
220001211
202201011
202021011
202001211
200221011
200201211
200021211
022201110
022021110
022001112
022201101
022021101
022001121
020221110
020201112
020221101
020201121
020021112
020021121
022201011
022021011
022001211
020221011
020201211
020021211
002221110
002201112
002221101
002201121
002021112
002021121
002221011
002201211
002021211
000221112
000221121
000221211
222000111
220200111
220020111
220002111
202200111
202020111
202002111
200220111
200202111
200022111
022200111
022020111
022002111
020220111
020202111
020022111
002220111
002202111
002022111
000222111
121212100
121212010
121212001
121211200
121210210
121210201
121211020
121210120
121210021
121211002
121210102
121210012
121221100
121221010
121221001
121201210
121201201
121201120
121201021
121201102
121201012
121220110
121220101
121202110
121202101
121200121
121200112
121220011
121202011
121200211
121122100
121122010
121122001
121121200
121120210
121120201
121121020
121120120
121120021
121121002
121120102
121120012
121021210
121021201
121021120
121021021
121021102
121021012
121022110
121022101
121020121
121020112
121022011
121020211
121112200
121102210
121102201
121112020
121102120
121102021
121112002
121102102
121102012
121012210
121012201
121012120
121012021
121012102
121012012
121002121
121002112
121002211
121110220
121101220
121100221
121110202
121101202
121100212
121011220
121010221
121011202
121010212
121001221
121001212
121110022
121101022
121100122
121011022
121010122
121001122
122112100
122112010
122112001
122111200
122110210
122110201
122111020
122110120
122110021
122111002
122110102
122110012
122121100
122121010
122121001
122101210
122101201
122101120
122101021
122101102
122101012
122120110
122120101
122102110
122102101
122100121
122100112
122120011
122102011
122100211
120121210
120121201
120121120
120121021
120121102
120121012
120122110
120122101
120120121
120120112
120122011
120120211
120112210
120112201
120112120
120112021
120112102
120112012
120102121
120102112
120102211
120111220
120110221
120111202
120110212
120101221
120101212
120111022
120110122
120101122
122211100
122211010
122211001
122011210
122011201
122011120
122011021
122011102
122011012
122210110
122210101
122012110
122012101
122010121
122010112
122210011
122012011
122010211
120211210
120211201
120211120
120211021
120211102
120211012
120212110
120212101
120210121
120210112
120212011
120210211
120012121
120012112
120012211
120011221
120011212
120011122
122201110
122201101
122021110
122021101
122001121
122001112
122201011
122021011
122001211
120221110
120221101
120201121
120201112
120221011
120201211
120021121
120021112
120021211
122200111
122020111
122002111
120220111
120202111
120022111
112212100
112212010
112212001
112211200
112210210
112210201
112211020
112210120
112210021
112211002
112210102
112210012
112221100
112221010
112221001
112201210
112201201
112201120
112201021
112201102
112201012
112220110
112220101
112202110
112202101
112200121
112200112
112220011
112202011
112200211
112122100
112122010
112122001
112121200
112120210
112120201
112121020
112120120
112120021
112121002
112120102
112120012
112021210
112021201
112021120
112021021
112021102
112021012
112022110
112022101
112020121
112020112
112022011
112020211
112112200
112102210
112102201
112112020
112102120
112102021
112112002
112102102
112102012
112012210
112012201
112012120
112012021
112012102
112012012
112002121
112002112
112002211
112110220
112101220
112100221
112110202
112101202
112100212
112011220
112010221
112011202
112010212
112001221
112001212
112110022
112101022
112100122
112011022
112010122
112001122
102121210
102121201
102121120
102121021
102121102
102121012
102122110
102122101
102120121
102120112
102122011
102120211
102112210
102112201
102112120
102112021
102112102
102112012
102102121
102102112
102102211
102111220
102110221
102111202
102110212
102101221
102101212
102111022
102110122
102101122
102211210
102211201
102211120
102211021
102211102
102211012
102212110
102212101
102210121
102210112
102212011
102210211
102012121
102012112
102012211
102011221
102011212
102011122
102221110
102221101
102201121
102201112
102221011
102201211
102021121
102021112
102021211
102220111
102202111
102022111
111222100
111222010
111222001
111221200
111220210
111220201
111221020
111220120
111220021
111221002
111220102
111220012
110221210
110221201
110221120
110221021
110221102
110221012
110222110
110222101
110220121
110220112
110222011
110220211
111212200
111202210
111202201
111212020
111202120
111202021
111212002
111202102
111202012
110212210
110212201
110212120
110212021
110212102
110212012
110202121
110202112
110202211
111210220
111201220
111200221
111210202
111201202
111200212
110211220
110210221
110211202
110210212
110201221
110201212
111210022
111201022
111200122
110211022
110210122
110201122
101221210
101221201
101221120
101221021
101221102
101221012
101222110
101222101
101220121
101220112
101222011
101220211
101212210
101212201
101212120
101212021
101212102
101212012
101202121
101202112
101202211
101211220
101210221
101211202
101210212
101201221
101201212
101211022
101210122
101201122
100212121
100212112
100212211
100211221
100211212
100211122
100221121
100221112
100221211
100222111
111122200
111022210
111022201
111122020
111022120
111022021
111122002
111022102
111022012
110122210
110122201
110122120
110122021
110122102
110122012
110022121
110022112
110022211
111120220
111021220
111020221
111120202
111021202
111020212
110121220
110120221
110121202
110120212
110021221
110021212
111120022
111021022
111020122
110121022
110120122
110021122
101122210
101122201
101122120
101122021
101122102
101122012
101022121
101022112
101022211
101121220
101120221
101121202
101120212
101021221
101021212
101121022
101120122
101021122
100122121
100122112
100122211
100121221
100121212
100121122
111102220
111012220
111002221
111102202
111012202
111002212
110112220
110102221
110112202
110102212
110012221
110012212
111102022
111012022
111002122
110112022
110102122
110012122
101112220
101102221
101112202
101102212
101012221
101012212
101112022
101102122
101012122
100112221
100112212
100112122
111100222
111010222
111001222
110110222
110101222
110011222
101110222
101101222
101011222
100111222
211212100
211212010
211212001
211211200
211210210
211210201
211211020
211210120
211210021
211211002
211210102
211210012
211221100
211221010
211221001
211201210
211201201
211201120
211201021
211201102
211201012
211220110
211220101
211202110
211202101
211200121
211200112
211220011
211202011
211200211
211122100
211122010
211122001
211121200
211120210
211120201
211121020
211120120
211120021
211121002
211120102
211120012
211021210
211021201
211021120
211021021
211021102
211021012
211022110
211022101
211020121
211020112
211022011
211020211
211112200
211102210
211102201
211112020
211102120
211102021
211112002
211102102
211102012
211012210
211012201
211012120
211012021
211012102
211012012
211002121
211002112
211002211
211110220
211101220
211100221
211110202
211101202
211100212
211011220
211010221
211011202
211010212
211001221
211001212
211110022
211101022
211100122
211011022
211010122
211001122
212112100
212112010
212112001
212111200
212110210
212110201
212111020
212110120
212110021
212111002
212110102
212110012
212121100
212121010
212121001
212101210
212101201
212101120
212101021
212101102
212101012
212120110
212120101
212102110
212102101
212100121
212100112
212120011
212102011
212100211
210121210
210121201
210121120
210121021
210121102
210121012
210122110
210122101
210120121
210120112
210122011
210120211
210112210
210112201
210112120
210112021
210112102
210112012
210102121
210102112
210102211
210111220
210110221
210111202
210110212
210101221
210101212
210111022
210110122
210101122
212211100
212211010
212211001
212011210
212011201
212011120
212011021
212011102
212011012
212210110
212210101
212012110
212012101
212010121
212010112
212210011
212012011
212010211
210211210
210211201
210211120
210211021
210211102
210211012
210212110
210212101
210210121
210210112
210212011
210210211
210012121
210012112
210012211
210011221
210011212
210011122
212201110
212201101
212021110
212021101
212001121
212001112
212201011
212021011
212001211
210221110
210221101
210201121
210201112
210221011
210201211
210021121
210021112
210021211
212200111
212020111
212002111
210220111
210202111
210022111
012121210
012121201
012121120
012121021
012121102
012121012
012122110
012122101
012120121
012120112
012122011
012120211
012112210
012112201
012112120
012112021
012112102
012112012
012102121
012102112
012102211
012111220
012110221
012111202
012110212
012101221
012101212
012111022
012110122
012101122
012211210
012211201
012211120
012211021
012211102
012211012
012212110
012212101
012210121
012210112
012212011
012210211
012012121
012012112
012012211
012011221
012011212
012011122
012221110
012221101
012201121
012201112
012221011
012201211
012021121
012021112
012021211
012220111
012202111
012022111
011221210
011221201
011221120
011221021
011221102
011221012
011222110
011222101
011220121
011220112
011222011
011220211
011212210
011212201
011212120
011212021
011212102
011212012
011202121
011202112
011202211
011211220
011210221
011211202
011210212
011201221
011201212
011211022
011210122
011201122
010212121
010212112
010212211
010211221
010211212
010211122
010221121
010221112
010221211
010222111
011122210
011122201
011122120
011122021
011122102
011122012
011022121
011022112
011022211
011121220
011120221
011121202
011120212
011021221
011021212
011121022
011120122
011021122
010122121
010122112
010122211
010121221
010121212
010121122
011112220
011102221
011112202
011102212
011012221
011012212
011112022
011102122
011012122
010112221
010112212
010112122
011110222
011101222
011011222
010111222
221112100
221112010
221112001
221111200
221110210
221110201
221111020
221110120
221110021
221111002
221110102
221110012
221121100
221121010
221121001
221101210
221101201
221101120
221101021
221101102
221101012
221120110
221120101
221102110
221102101
221100121
221100112
221120011
221102011
221100211
201121210
201121201
201121120
201121021
201121102
201121012
201122110
201122101
201120121
201120112
201122011
201120211
201112210
201112201
201112120
201112021
201112102
201112012
201102121
201102112
201102211
201111220
201110221
201111202
201110212
201101221
201101212
201111022
201110122
201101122
221211100
221211010
221211001
221011210
221011201
221011120
221011021
221011102
221011012
221210110
221210101
221012110
221012101
221010121
221010112
221210011
221012011
221010211
201211210
201211201
201211120
201211021
201211102
201211012
201212110
201212101
201210121
201210112
201212011
201210211
201012121
201012112
201012211
201011221
201011212
201011122
221201110
221201101
221021110
221021101
221001121
221001112
221201011
221021011
221001211
201221110
201221101
201201121
201201112
201221011
201201211
201021121
201021112
201021211
221200111
221020111
221002111
201220111
201202111
201022111
021121210
021121201
021121120
021121021
021121102
021121012
021122110
021122101
021120121
021120112
021122011
021120211
021112210
021112201
021112120
021112021
021112102
021112012
021102121
021102112
021102211
021111220
021110221
021111202
021110212
021101221
021101212
021111022
021110122
021101122
021211210
021211201
021211120
021211021
021211102
021211012
021212110
021212101
021210121
021210112
021212011
021210211
021012121
021012112
021012211
021011221
021011212
021011122
021221110
021221101
021201121
021201112
021221011
021201211
021021121
021021112
021021211
021220111
021202111
021022111
001212121
001212112
001212211
001211221
001211212
001211122
001221121
001221112
001221211
001222111
001122121
001122112
001122211
001121221
001121212
001121122
001112221
001112212
001112122
001111222
222111100
222111010
222111001
220111210
220111201
220111120
220111021
220111102
220111012
222110110
222110101
220112110
220112101
220110121
220110112
222110011
220112011
220110211
202111210
202111201
202111120
202111021
202111102
202111012
202112110
202112101
202110121
202110112
202112011
202110211
200112121
200112112
200112211
200111221
200111212
200111122
222101110
222101101
220121110
220121101
220101121
220101112
222101011
220121011
220101211
202121110
202121101
202101121
202101112
202121011
202101211
200121121
200121112
200121211
222100111
220120111
220102111
202120111
202102111
200122111
022111210
022111201
022111120
022111021
022111102
022111012
022112110
022112101
022110121
022110112
022112011
022110211
020112121
020112112
020112211
020111221
020111212
020111122
022121110
022121101
022101121
022101112
022121011
022101211
020121121
020121112
020121211
022120111
022102111
020122111
002112121
002112112
002112211
002111221
002111212
002111122
002121121
002121112
002121211
002122111
222011110
222011101
220211110
220211101
220011121
220011112
222011011
220211011
220011211
202211110
202211101
202011121
202011112
202211011
202011211
200211121
200211112
200211211
222010111
220210111
220012111
202210111
202012111
200212111
022211110
022211101
022011121
022011112
022211011
022011211
020211121
020211112
020211211
022210111
022012111
020212111
002211121
002211112
002211211
002212111
222001111
220201111
220021111
202201111
202021111
200221111
022201111
022021111
020221111
002221111
121212120
121212102
121212210
121212012
121212201
121212021
121211220
121211202
121210212
121210221
121211022
121210122
121221120
121221102
121221210
121221012
121221201
121221021
121201212
121201221
121201122
121222110
121220112
121222101
121220121
121202112
121202121
121222011
121220211
121202211
121122120
121122102
121122210
121122012
121122201
121122021
121121220
121121202
121120212
121120221
121121022
121120122
121021212
121021221
121021122
121022112
121022121
121022211
121112220
121112202
121102212
121102221
121112022
121102122
121012212
121012221
121012122
121110222
121101222
121011222
122112120
122112102
122112210
122112012
122112201
122112021
122111220
122111202
122110212
122110221
122111022
122110122
122121120
122121102
122121210
122121012
122121201
122121021
122101212
122101221
122101122
122122110
122120112
122122101
122120121
122102112
122102121
122122011
122120211
122102211
120121212
120121221
120121122
120122112
120122121
120122211
120112212
120112221
120112122
120111222
122211120
122211102
122211210
122211012
122211201
122211021
122011212
122011221
122011122
122212110
122210112
122212101
122210121
122012112
122012121
122212011
122210211
122012211
120211212
120211221
120211122
120212112
120212121
120212211
122221110
122201112
122221101
122201121
122021112
122021121
122221011
122201211
122021211
120221112
120221121
120221211
122220111
122202111
122022111
120222111
112212120
112212102
112212210
112212012
112212201
112212021
112211220
112211202
112210212
112210221
112211022
112210122
112221120
112221102
112221210
112221012
112221201
112221021
112201212
112201221
112201122
112222110
112220112
112222101
112220121
112202112
112202121
112222011
112220211
112202211
112122120
112122102
112122210
112122012
112122201
112122021
112121220
112121202
112120212
112120221
112121022
112120122
112021212
112021221
112021122
112022112
112022121
112022211
112112220
112112202
112102212
112102221
112112022
112102122
112012212
112012221
112012122
112110222
112101222
112011222
102121212
102121221
102121122
102122112
102122121
102122211
102112212
102112221
102112122
102111222
102211212
102211221
102211122
102212112
102212121
102212211
102221112
102221121
102221211
102222111
111222120
111222102
111222210
111222012
111222201
111222021
111221220
111221202
111220212
111220221
111221022
111220122
110221212
110221221
110221122
110222112
110222121
110222211
111212220
111212202
111202212
111202221
111212022
111202122
110212212
110212221
110212122
111210222
111201222
110211222
101221212
101221221
101221122
101222112
101222121
101222211
101212212
101212221
101212122
101211222
111122220
111122202
111022212
111022221
111122022
111022122
110122212
110122221
110122122
111120222
111021222
110121222
101122212
101122221
101122122
101121222
111102222
111012222
110112222
101112222
211212120
211212102
211212210
211212012
211212201
211212021
211211220
211211202
211210212
211210221
211211022
211210122
211221120
211221102
211221210
211221012
211221201
211221021
211201212
211201221
211201122
211222110
211220112
211222101
211220121
211202112
211202121
211222011
211220211
211202211
211122120
211122102
211122210
211122012
211122201
211122021
211121220
211121202
211120212
211120221
211121022
211120122
211021212
211021221
211021122
211022112
211022121
211022211
211112220
211112202
211102212
211102221
211112022
211102122
211012212
211012221
211012122
211110222
211101222
211011222
212112120
212112102
212112210
212112012
212112201
212112021
212111220
212111202
212110212
212110221
212111022
212110122
212121120
212121102
212121210
212121012
212121201
212121021
212101212
212101221
212101122
212122110
212120112
212122101
212120121
212102112
212102121
212122011
212120211
212102211
210121212
210121221
210121122
210122112
210122121
210122211
210112212
210112221
210112122
210111222
212211120
212211102
212211210
212211012
212211201
212211021
212011212
212011221
212011122
212212110
212210112
212212101
212210121
212012112
212012121
212212011
212210211
212012211
210211212
210211221
210211122
210212112
210212121
210212211
212221110
212201112
212221101
212201121
212021112
212021121
212221011
212201211
212021211
210221112
210221121
210221211
212220111
212202111
212022111
210222111
012121212
012121221
012121122
012122112
012122121
012122211
012112212
012112221
012112122
012111222
012211212
012211221
012211122
012212112
012212121
012212211
012221112
012221121
012221211
012222111
011221212
011221221
011221122
011222112
011222121
011222211
011212212
011212221
011212122
011211222
011122212
011122221
011122122
011121222
011112222
221112120
221112102
221112210
221112012
221112201
221112021
221111220
221111202
221110212
221110221
221111022
221110122
221121120
221121102
221121210
221121012
221121201
221121021
221101212
221101221
221101122
221122110
221120112
221122101
221120121
221102112
221102121
221122011
221120211
221102211
201121212
201121221
201121122
201122112
201122121
201122211
201112212
201112221
201112122
201111222
221211120
221211102
221211210
221211012
221211201
221211021
221011212
221011221
221011122
221212110
221210112
221212101
221210121
221012112
221012121
221212011
221210211
221012211
201211212
201211221
201211122
201212112
201212121
201212211
221221110
221201112
221221101
221201121
221021112
221021121
221221011
221201211
221021211
201221112
201221121
201221211
221220111
221202111
221022111
201222111
021121212
021121221
021121122
021122112
021122121
021122211
021112212
021112221
021112122
021111222
021211212
021211221
021211122
021212112
021212121
021212211
021221112
021221121
021221211
021222111
222111120
222111102
222111210
222111012
222111201
222111021
220111212
220111221
220111122
222112110
222110112
222112101
222110121
220112112
220112121
222112011
222110211
220112211
202111212
202111221
202111122
202112112
202112121
202112211
222121110
222101112
222121101
222101121
220121112
220121121
222121011
222101211
220121211
202121112
202121121
202121211
222120111
222102111
220122111
202122111
022111212
022111221
022111122
022112112
022112121
022112211
022121112
022121121
022121211
022122111
222211110
222011112
222211101
222011121
220211112
220211121
222211011
222011211
220211211
202211112
202211121
202211211
222210111
222012111
220212111
202212111
022211112
022211121
022211211
022212111
222201111
222021111
220221111
202221111
022221111
121212121
121212112
121212211
121211221
121211212
121211122
121221121
121221112
121221211
121222111
121122121
121122112
121122211
121121221
121121212
121121122
121112221
121112212
121112122
121111222
122112121
122112112
122112211
122111221
122111212
122111122
122121121
122121112
122121211
122122111
122211121
122211112
122211211
122212111
122221111
112212121
112212112
112212211
112211221
112211212
112211122
112221121
112221112
112221211
112222111
112122121
112122112
112122211
112121221
112121212
112121122
112112221
112112212
112112122
112111222
111222121
111222112
111222211
111221221
111221212
111221122
111212221
111212212
111212122
111211222
111122221
111122212
111122122
111121222
111112222
211212121
211212112
211212211
211211221
211211212
211211122
211221121
211221112
211221211
211222111
211122121
211122112
211122211
211121221
211121212
211121122
211112221
211112212
211112122
211111222
212112121
212112112
212112211
212111221
212111212
212111122
212121121
212121112
212121211
212122111
212211121
212211112
212211211
212212111
212221111
221112121
221112112
221112211
221111221
221111212
221111122
221121121
221121112
221121211
221122111
221211121
221211112
221211211
221212111
221221111
222111121
222111112
222111211
222112111
222121111
222211111